Episode	Rewards
1	-2.2000000000000006
2	-2.400000000000001
3	-2.600000000000001
4	-1.8000000000000003
5	-3.0000000000000013
6	-3.0000000000000013
7	-2.800000000000001
8	-3.0000000000000013
9	-2.600000000000001
10	0.5
11	-3.0000000000000013
12	-2.2000000000000006
13	-1.2
14	-1.8000000000000003
15	-1.4000000000000001
16	-2.9000000000000012
17	-2.0000000000000004
18	-2.0000000000000004
19	-2.2000000000000006
20	-2.800000000000001
21	-2.500000000000001
22	-2.1000000000000005
23	-2.500000000000001
24	-2.800000000000001
25	-2.700000000000001
26	-1.4000000000000001
27	-2.500000000000001
28	0.09999999999999998
29	-2.2000000000000006
30	-2.0000000000000004
31	-0.7
32	0.19999999999999998
33	-1.9000000000000004
34	-2.400000000000001
35	-2.1000000000000005
36	-2.800000000000001
37	-3.0000000000000013
38	-1.2
39	-2.800000000000001
40	-0.8999999999999999
41	-1.4000000000000001
42	-2.600000000000001
43	-2.2000000000000006
44	0.6
45	0.09999999999999998
46	-1.8000000000000003
47	-2.700000000000001
48	-2.9000000000000012
49	-1.3
50	-2.3000000000000007
51	-0.7999999999999999
52	-2.500000000000001
53	-2.600000000000001
54	-1.7000000000000004
55	0.09999999999999998
56	-2.0000000000000004
57	-2.3000000000000007
58	-2.500000000000001
59	-1.9000000000000004
60	-0.7
61	-0.6
62	0.3
63	-2.700000000000001
64	-1.3
65	-0.8999999999999999
66	-0.7999999999999999
67	-1.8000000000000005
68	-1.5000000000000002
69	-2.700000000000001
70	0.09999999999999998
71	-0.5
72	-2.0000000000000004
73	0.19999999999999998
74	-0.7999999999999999
75	-1.7000000000000002
76	-2.2000000000000006
77	-2.0000000000000004
78	-2.1000000000000005
79	-0.6
80	-1.8000000000000005
81	-2.400000000000001
82	-2.3000000000000007
83	0.6
84	-0.20000000000000004
85	4.6
86	-2.2000000000000006
87	-2.0000000000000004
88	-2.400000000000001
89	0.9999999999999999
90	-2.1000000000000005
91	0.09999999999999998
92	-0.20000000000000004
93	-1.9000000000000006
94	12.2
95	-2.2000000000000006
96	-1.0999999999999999
97	-0.5
98	1.0999999999999999
99	-2.7755575615628914e-17
100	-1.8000000000000005
