Episode	Rewards
1	-1.0999999999999999
1	-0.7
1	-2.500000000000001
1	-2.3000000000000007
1	0.3
1	-2.400000000000001
1	-1.2
1	-2.500000000000001
1	-2.9000000000000012
2	-2.1000000000000005
2	-2.3000000000000007
2	-2.700000000000001
2	-2.1000000000000005
2	-2.500000000000001
2	-2.3000000000000007
2	-2.600000000000001
2	-2.800000000000001
2	-2.2000000000000006
2	-2.9000000000000012
3	-2.800000000000001
3	-2.700000000000001
3	-2.2000000000000006
3	-2.800000000000001
3	-2.9000000000000012
3	-0.7999999999999999
3	-2.600000000000001
3	-0.7999999999999999
3	0.19999999999999998
3	0.8999999999999999
4	-3.0000000000000013
4	-2.800000000000001
4	-2.7755575615628914e-17
4	-2.700000000000001
4	-2.600000000000001
4	-2.9000000000000012
4	-2.9000000000000012
4	-3.0000000000000013
4	-1.0999999999999999
4	-2.700000000000001
5	-2.9000000000000012
5	-1.8000000000000003
5	-1.5000000000000002
5	-0.4
5	0.5
5	-1.6
5	-0.10000000000000003
5	-1.5000000000000002
5	-3.0000000000000013
5	-1.5000000000000002
6	-2.700000000000001
6	-0.5
6	-1.3
6	-2.800000000000001
6	-2.700000000000001
6	-2.7755575615628914e-17
6	0.5
6	0.4
6	-1.9000000000000004
6	-2.2000000000000006
7	-1.2
7	-2.600000000000001
7	-0.7999999999999999
7	-0.8999999999999999
7	-1.2
7	-2.1000000000000005
7	-2.400000000000001
7	-2.500000000000001
7	-2.700000000000001
7	-0.30000000000000004
8	-0.20000000000000004
8	-1.2
8	-2.800000000000001
8	-0.10000000000000003
8	-0.30000000000000004
8	-0.9999999999999999
8	-2.9000000000000012
8	-1.9000000000000004
8	-2.9000000000000012
8	-1.0999999999999999
9	-0.4
9	0.09999999999999998
9	-2.1000000000000005
9	0.19999999999999998
9	-1.3
9	-2.7755575615628914e-17
9	-2.9000000000000012
9	-0.7
9	-0.7
9	0.4
10	-2.700000000000001
10	-0.7999999999999999
10	-0.5
10	-2.9000000000000012
10	0.19999999999999998
10	-2.800000000000001
10	-2.1000000000000005
10	0.5
10	-1.7000000000000004
10	-1.6000000000000003
11	0.6
11	-0.20000000000000004
11	0.09999999999999998
11	0.8999999999999999
11	1.8000000000000005
11	-1.6000000000000003
11	-0.7
