Episode	Rewards
1	-2.800000000000001
2	-2.9000000000000012
3	-1.5000000000000002
4	0.7
5	-2.700000000000001
6	-2.9000000000000012
7	-2.3000000000000007
8	-3.0000000000000013
9	-2.600000000000001
10	-2.700000000000001
11	-2.1000000000000005
12	-2.3000000000000007
13	-2.700000000000001
14	-2.600000000000001
15	-2.400000000000001
16	-2.400000000000001
17	-2.700000000000001
18	-2.400000000000001
19	-2.600000000000001
20	-3.0000000000000013
21	-2.700000000000001
22	-2.700000000000001
23	-2.600000000000001
24	-1.5000000000000002
25	-2.800000000000001
26	-2.700000000000001
27	-2.500000000000001
28	-2.800000000000001
29	-0.7
30	-2.3000000000000007
31	-2.400000000000001
32	-2.500000000000001
33	-2.400000000000001
34	-2.600000000000001
35	-2.800000000000001
36	0.19999999999999998
37	-3.0000000000000013
38	-2.3000000000000007
39	-2.9000000000000012
40	-2.9000000000000012
41	-2.700000000000001
42	-2.700000000000001
43	-2.400000000000001
44	-2.700000000000001
45	-3.0000000000000013
46	-2.600000000000001
47	-2.700000000000001
48	-2.700000000000001
49	-2.700000000000001
50	-2.9000000000000012
51	-2.9000000000000012
52	-2.600000000000001
53	-3.0000000000000013
54	-2.400000000000001
55	-2.800000000000001
56	-2.1000000000000005
57	-2.9000000000000012
58	-2.3000000000000007
59	-2.500000000000001
60	-2.9000000000000012
61	-2.1000000000000005
62	-2.800000000000001
63	-2.600000000000001
64	-2.600000000000001
65	-2.700000000000001
66	-2.9000000000000012
67	-2.9000000000000012
68	-2.9000000000000012
69	-2.0000000000000004
70	-2.9000000000000012
71	-3.0000000000000013
72	-3.0000000000000013
73	-2.700000000000001
74	-2.500000000000001
75	-2.9000000000000012
76	-3.0000000000000013
77	-2.700000000000001
78	-2.600000000000001
79	-3.0000000000000013
80	-2.9000000000000012
81	-3.0000000000000013
82	-2.700000000000001
83	-2.9000000000000012
84	-2.9000000000000012
85	-0.5
86	-1.5000000000000002
87	-3.0000000000000013
88	-2.600000000000001
89	-2.600000000000001
90	-2.2000000000000006
91	-2.9000000000000012
92	-2.9000000000000012
93	-2.700000000000001
94	-2.700000000000001
95	-2.700000000000001
96	-2.700000000000001
97	-2.600000000000001
98	-2.9000000000000012
99	-2.9000000000000012
100	-2.600000000000001
